{
    "camera_parameters": {
      "focal_length": 2751.09,
      "principal_point_x": 1536,
      "principal_point_y": 1024
    },
    "scene_bounds": {
      "near_bound": 1.5586064414962637,
      "far_bound": 9.82567322145128
    },
    "frames": [
        {
            "file_path": "./train/0000.png",
             "transform_matrix": [
                [
                    0.7461227507285938,
                    -0.1565554967177306,
                    -0.6471408017523399,
                    4.66583
                ],
                [
                    0.08989630683191926,
                    0.9867499801201627,
                    -0.13506713423642286,
                    0.525223
                ],
                [
                    0.6597116755546912,
                    0.042601093651725444,
                    0.7503103704178016,
                    3.19731
                ],
                [
                    0.0,
                    0.0,
                    0.0,
                    1.0
                ]
            ]
        },
        {
            "file_path": "./train/0002.png",
             "transform_matrix": [
                [
                    0.8901485040540702,
                    -0.086732196388323,
                    -0.44734010198053825,
                    3.84127
                ],
                [
                    0.022860970239837276,
                    0.9889823305937249,
                    -0.1462577376178695,
                    0.124276
                ],
                [
                    0.4550967114471322,
                    0.11996447758841637,
                    0.8823239242743812,
                    0.764465
                ],
                [
                    0.0,
                    0.0,
                    0.0,
                    1.0
                ]
            ]
        },
        {
            "file_path": "./train/0004.png",
             "transform_matrix": [
                [
                    0.9477637978446625,
                    -0.05821063243051011,
                    -0.31361649473058956,
                    2.49022
                ],
                [
                    0.02385813408263651,
                    0.9933897504758136,
                    -0.11228353880999578,
                    0.161457
                ],
                [
                    0.3180795072511852,
                    0.09893596879619126,
                    0.9428876397244808,
                    1.08081
                ],
                [
                    0.0,
                    0.0,
                    0.0,
                    1.0
                ]
            ]
        },
        {
            "file_path": "./train/0006.png",
             "transform_matrix": [
                [
                    0.9921752094905305,
                    -0.008466499557845923,
                    -0.12456593457947791,
                    0.771241
                ],
                [
                    0.006101381351290054,
                    0.9997940351649649,
                    -0.01935614615988735,
                    0.0957535
                ],
                [
                    0.12470415718021556,
                    0.018444664100866315,
                    0.9920225136296948,
                    1.26098
                ],
                [
                    0.0,
                    0.0,
                    0.0,
                    1.0
                ]
            ]
        },
        {
            "file_path": "./train/0007.png",
             "transform_matrix": [
                [
                    0.9997230897366778,
                    0.010572107159392587,
                    -0.021023187140886797,
                    -0.265648
                ],
                [
                    -0.010577863266750736,
                    0.9999440396173567,
                    -0.00016261129174392975,
                    0.126465
                ],
                [
                    0.021020291531288367,
                    0.00038494666201592667,
                    0.9997789751540123,
                    1.19847
                ],
                [
                    0.0,
                    0.0,
                    0.0,
                    1.0
                ]
            ]
        },
        {
            "file_path": "./train/0008.png",
             "transform_matrix": [
                [
                    0.9894024753317666,
                    0.04380869618364881,
                    0.1384324382002349,
                    -1.36911
                ],
                [
                    -0.04443710362223327,
                    0.9990111309108836,
                    0.001450564657129375,
                    0.154317
                ],
                [
                    -0.13823199929480876,
                    -0.0075867288633748205,
                    0.9903708173790834,
                    1.274
                ],
                [
                    0.0,
                    0.0,
                    0.0,
                    1.0
                ]
            ]
        },
        {
            "file_path": "./train/0009.png",
             "transform_matrix": [
                [
                    0.9710058042544765,
                    0.059828902256549854,
                    0.23144811634336854,
                    -2.61267
                ],
                [
                    -0.06232129775253349,
                    0.998050121837889,
                    0.00346556572797842,
                    0.22091
                ],
                [
                    -0.230789479722446,
                    -0.01778923140979052,
                    0.9728410760732153,
                    1.53279
                ],
                [
                    0.0,
                    0.0,
                    0.0,
                    1.0
                ]
            ]
        },
        {
            "file_path": "./train/0011.png",
             "transform_matrix": [
                [
                    0.7415474800616575,
                    0.14904021436302972,
                    0.6541363384775593,
                    -4.46511
                ],
                [
                    -0.10702901874472308,
                    0.988805785187962,
                    -0.10396109043945045,
                    0.446449
                ],
                [
                    -0.6623081789927915,
                    0.007080514207317368,
                    0.7491980661733001,
                    2.35587
                ],
                [
                    0.0,
                    0.0,
                    0.0,
                    1.0
                ]
            ]
        },
        {
            "file_path": "./train/0014.png",
             "transform_matrix": [
                [
                    0.8788258246419618,
                    -0.0812762111668071,
                    -0.4701694879942172,
                    4.58735
                ],
                [
                    0.0525159710289541,
                    0.9958751546968881,
                    -0.07399154711408004,
                    0.246966
                ],
                [
                    0.4742438641978005,
                    0.040334275198863484,
                    0.8794691032179133,
                    1.65603
                ],
                [
                    0.0,
                    0.0,
                    0.0,
                    1.0
                ]
            ]
        },
        {
            "file_path": "./train/0015.png",
             "transform_matrix": [
                [
                    0.9592523906009576,
                    -0.05053732657304334,
                    -0.2779942980515919,
                    3.46646
                ],
                [
                    0.024296179574302437,
                    0.9949835103801958,
                    -0.09704385467197808,
                    0.161503
                ],
                [
                    0.2815040795165161,
                    0.08633535020113327,
                    0.9556681749023594,
                    1.0461
                ],
                [
                    0.0,
                    0.0,
                    0.0,
                    1.0
                ]
            ]
        },
        {
            "file_path": "./train/0016.png",
             "transform_matrix": [
                [
                    0.9982135980436415,
                    -0.009120290755469216,
                    -0.05904602422943401,
                    2.48733
                ],
                [
                    0.005802910599095545,
                    0.9984075858795669,
                    -0.05611255373545347,
                    0.142258
                ],
                [
                    0.05946376131179485,
                    0.05566967535984875,
                    0.9966769528468002,
                    0.528576
                ],
                [
                    0.0,
                    0.0,
                    0.0,
                    1.0
                ]
            ]
        },
        {
            "file_path": "./train/0017.png",
             "transform_matrix": [
                [
                    0.9986610186002775,
                    0.0014391847624791857,
                    -0.051711687996775633,
                    1.25605
                ],
                [
                    -0.0038312782408072327,
                    0.9989253723642818,
                    -0.046188978706207355,
                    0.147673
                ],
                [
                    0.05158964271341621,
                    0.04632525438786502,
                    0.99759334378824,
                    0.581371
                ],
                [
                    0.0,
                    0.0,
                    0.0,
                    1.0
                ]
            ]
        },
        {
            "file_path": "./train/0018.png",
             "transform_matrix": [
                [
                    0.9999861557592976,
                    -1.9275165895689463E-05,
                    -0.005261931034303373,
                    0.591572
                ],
                [
                    2.2775106576546147E-05,
                    0.9999997785718162,
                    0.000665084666075922,
                    0.130841
                ],
                [
                    0.005261917049546267,
                    -0.000665195299523822,
                    0.9999859347731733,
                    1.23608
                ],
                [
                    0.0,
                    0.0,
                    0.0,
                    1.0
                ]
            ]
        },
        {
            "file_path": "./train/0020.png",
             "transform_matrix": [
                [
                    0.9169280785799426,
                    0.0835555908292394,
                    0.3902068194597209,
                    -1.3939
                ],
                [
                    -0.08654676789525469,
                    0.9961981459413531,
                    -0.009945400439171586,
                    0.183902
                ],
                [
                    -0.38955430388917467,
                    -0.024651922119528304,
                    0.9206735181687552,
                    1.51845
                ],
                [
                    0.0,
                    0.0,
                    0.0,
                    1.0
                ]
            ]
        },
        {
            "file_path": "./train/0021.png",
             "transform_matrix": [
                [
                    0.8702831527592406,
                    0.09682510247635692,
                    0.4829411284555077,
                    -1.81797
                ],
                [
                    -0.11739277445559415,
                    0.9930074081272902,
                    0.012458888792315399,
                    0.32377
                ],
                [
                    -0.4783577850616149,
                    -0.06753655998616057,
                    0.8755641852749468,
                    1.90339
                ],
                [
                    0.0,
                    0.0,
                    0.0,
                    1.0
                ]
            ]
        },
        {
            "file_path": "./train/0022.png",
             "transform_matrix": [
                [
                    0.778883011426835,
                    0.14647528040129154,
                    0.6098247672422199,
                    -2.82572
                ],
                [
                    -0.1324226454197046,
                    0.9888320846635876,
                    -0.06837654071324883,
                    0.366634
                ],
                [
                    -0.6130297688454549,
                    -0.02749728297898554,
                    0.7895811560175823,
                    1.44504
                ],
                [
                    0.0,
                    0.0,
                    0.0,
                    1.0
                ]
            ]
        },
        {
            "file_path": "./train/0023.png",
             "transform_matrix": [
                [
                    0.7346112758692113,
                    0.15134674478072077,
                    0.6613928002405901,
                    -4.14708
                ],
                [
                    -0.11552745088782893,
                    0.9884704518723093,
                    -0.09787529753064844,
                    0.335893
                ],
                [
                    -0.6685803477946163,
                    -0.004508727052290086,
                    0.7436262434336204,
                    1.53226
                ],
                [
                    0.0,
                    0.0,
                    0.0,
                    1.0
                ]
            ]
        },
        {
            "file_path": "./train/0024.png",
             "transform_matrix": [
                [
                    0.6190392243932455,
                    0.18585896965550008,
                    0.7630510350305573,
                    -5.11606
                ],
                [
                    -0.14370894811140794,
                    0.9819962165772794,
                    -0.12260166744633395,
                    0.550685
                ],
                [
                    -0.7720998490450064,
                    -0.03376202047426531,
                    0.6346037732933627,
                    2.41342
                ],
                [
                    0.0,
                    0.0,
                    0.0,
                    1.0
                ]
            ]
        }
    ]
}
